connectable = [[0, 2],[0, 3],[0, 4],[0, 5],[0, 6],[0, 7],[0, 9],[0, 10],[1, 2],[1, 3],[1, 5],[1, 6],[1, 7],[1, 10],[3, 1],[3, 4],[3, 6],[3, 7],[3, 9],[3, 10],[7, 1],[7, 2],[7, 3],[7, 5],[7, 6],[7, 9],[8, 1],[8, 2],[8, 3],[8, 5],[8, 6],[8, 7],[8, 9],[10, 1],[10, 2],[10, 3],[10, 4],[10, 5],[10, 6],];


Objective: Do not cross wires
--- Step 6: 1 -> 6 ---
0 -> 3 (1); 
1 -> 6 (1); 
3 -> 4 (3); 7 (1); 
5 -> 1 (1); 2 (1); 10 (1); 
6 -> 2 (3); 3 (3); 
7 -> 5 (1); 
8 -> 6 (2); 
--- Step 5: 7 -> 5 ---
0 -> 3 (1); 
3 -> 4 (2); 7 (1); 
5 -> 1 (1); 2 (1); 10 (1); 
6 -> 2 (2); 3 (2); 
7 -> 5 (1); 
8 -> 6 (2); 
--- Step 4: 3 -> 4 ---
0 -> 3 (1); 
3 -> 4 (2); 7 (1); 
6 -> 2 (2); 3 (2); 
8 -> 6 (2); 
--- Step 3: 3 -> 7 ---
0 -> 3 (1); 
3 -> 7 (1); 
6 -> 2 (2); 3 (2); 
8 -> 6 (2); 
--- Step 2: 8 -> 6 ---
0 -> 3 (1); 
6 -> 2 (2); 3 (2); 
8 -> 6 (2); 
--- Step 1: 0 -> 3 ---
0 -> 3 (1); 
SOLVED


Objective: Do not use more than 6 signals
--- Step 6: 8 -> 6 ---
0 -> 3 (1); 
1 -> 6 (1); 
3 -> 4 (3); 7 (1); 
5 -> 1 (1); 2 (1); 10 (1); 
6 -> 2 (3); 3 (3); 
7 -> 5 (1); 
8 -> 6 (2); 
--- Step 5: 3 -> 4 ---
0 -> 3 (1); 
1 -> 6 (1); 
3 -> 4 (1); 7 (1); 
5 -> 1 (1); 2 (1); 10 (1); 
6 -> 2 (1); 3 (1); 
7 -> 5 (1); 
--- Step 4: 1 -> 6 ---
0 -> 3 (1); 
1 -> 6 (1); 
3 -> 7 (1); 
5 -> 1 (1); 2 (1); 10 (1); 
6 -> 2 (1); 3 (1); 
7 -> 5 (1); 
--- Step 3: 7 -> 5 ---
0 -> 3 (1); 
3 -> 7 (1); 
5 -> 1 (1); 2 (1); 10 (1); 
7 -> 5 (1); 
--- Step 2: 3 -> 7 ---
0 -> 3 (1); 
3 -> 7 (1); 
--- Step 1: 0 -> 3 ---
0 -> 3 (1); 
SOLVED
