connectable = [[1, 0],[1, 2],[1, 3],[1, 4],[1, 5],[1, 6],[1, 7],[1, 8],[4, 0],[4, 1],[4, 3],[4, 5],[4, 6],[4, 7],[4, 8],[4, 9],[5, 0],[5, 1],[5, 2],[5, 3],[5, 4],[5, 6],[5, 8],[6, 0],[6, 1],[6, 2],[6, 3],[6, 4],[6, 5],[6, 7],[6, 8],[6, 9],[9, 0],[9, 2],[9, 3],[9, 4],[9, 6],[9, 7],[9, 8],];


Objective: Do not use more than 5 signals
--- Step 5: 9 -> 0 ---
0 -> 1 (1); 5 (4); 
1 -> 3 (1); 
4 -> 0 (2); 
5 -> 8 (4); 
6 -> 7 (3); 
7 -> 3 (3); 4 (1); 
8 -> 2 (3); 6 (2); 9 (2); 
9 -> 0 (2); 
--- Step 4: 6 -> 7 ---
0 -> 1 (1); 5 (2); 
1 -> 3 (1); 
4 -> 0 (2); 
5 -> 8 (2); 
6 -> 7 (3); 
7 -> 3 (3); 4 (1); 
8 -> 2 (2); 6 (2); 9 (2); 
--- Step 3: 5 -> 8 ---
0 -> 1 (1); 5 (1); 
1 -> 3 (1); 
4 -> 0 (1); 
5 -> 8 (1); 
8 -> 2 (1); 6 (1); 9 (1); 
--- Step 2: 1 -> 3 ---
0 -> 1 (1); 5 (1); 
1 -> 3 (1); 
4 -> 0 (1); 
--- Step 1: 4 -> 0 ---
0 -> 1 (1); 5 (1); 
4 -> 0 (1); 
SOLVED
