connectable = [[1, 0],[1, 2],[1, 3],[1, 4],[1, 6],[1, 7],[1, 8],[4, 0],[4, 1],[4, 2],[4, 5],[4, 6],[4, 7],[4, 8],[5, 2],[5, 3],[5, 4],[5, 6],[5, 8],[6, 0],[6, 1],[6, 2],[6, 3],[6, 4],[6, 5],[6, 7],[6, 8],[8, 0],[8, 1],[8, 3],[8, 4],[8, 5],[8, 6],[8, 7],];


Objective: Do not cross wires
--- Step 6: 6 -> 5 ---
0 -> 4 (2); 6 (2); 
1 -> 0 (2); 
4 -> 7 (2); 
5 -> 2 (2); 
6 -> 1 (1); 3 (2); 5 (1); 
7 -> 6 (2); 8 (1); 
--- Step 5: 6 -> 3 ---
0 -> 4 (2); 6 (2); 
1 -> 0 (2); 
4 -> 7 (2); 
5 -> 2 (1); 
6 -> 1 (1); 3 (2); 
7 -> 6 (2); 8 (1); 
--- Step 4: 6 -> 1 ---
0 -> 4 (2); 6 (2); 
1 -> 0 (2); 
4 -> 7 (2); 
5 -> 2 (1); 
6 -> 1 (1); 
7 -> 6 (2); 8 (1); 
--- Step 3: 5 -> 2 ---
0 -> 4 (1); 6 (1); 
1 -> 0 (1); 
4 -> 7 (1); 
5 -> 2 (1); 
7 -> 6 (1); 8 (1); 
--- Step 2: 4 -> 7 ---
0 -> 4 (1); 6 (1); 
1 -> 0 (1); 
4 -> 7 (1); 
7 -> 6 (1); 8 (1); 
--- Step 1: 1 -> 0 ---
0 -> 4 (1); 6 (1); 
1 -> 0 (1); 
SOLVED


Objective: Do not use more than 6 signals
--- Step 6: 6 -> 5 ---
0 -> 4 (2); 6 (2); 
1 -> 0 (2); 
4 -> 7 (2); 
5 -> 2 (2); 
6 -> 1 (1); 3 (2); 5 (1); 
7 -> 6 (2); 8 (1); 
--- Step 5: 6 -> 3 ---
0 -> 4 (2); 6 (2); 
1 -> 0 (2); 
4 -> 7 (2); 
5 -> 2 (1); 
6 -> 1 (1); 3 (2); 
7 -> 6 (2); 8 (1); 
--- Step 4: 6 -> 1 ---
0 -> 4 (2); 6 (2); 
1 -> 0 (2); 
4 -> 7 (2); 
5 -> 2 (1); 
6 -> 1 (1); 
7 -> 6 (2); 8 (1); 
--- Step 3: 5 -> 2 ---
0 -> 4 (1); 6 (1); 
1 -> 0 (1); 
4 -> 7 (1); 
5 -> 2 (1); 
7 -> 6 (1); 8 (1); 
--- Step 2: 4 -> 7 ---
0 -> 4 (1); 6 (1); 
1 -> 0 (1); 
4 -> 7 (1); 
7 -> 6 (1); 8 (1); 
--- Step 1: 1 -> 0 ---
0 -> 4 (1); 6 (1); 
1 -> 0 (1); 
SOLVED
