connectable = [[0, 6],[1, 7],[2, 8],[3, 4],[3, 5],[3, 6],[3, 8],[4, 3],[4, 5],[4, 7],[4, 8],[5, 3],[5, 4],[5, 6],[5, 7],[5, 8],[6, 0],[6, 3],[6, 5],[6, 7],[6, 8],[7, 1],[7, 4],[7, 5],[7, 6],[7, 8],[8, 2],[8, 3],[8, 4],[8, 5],[8, 6],[8, 7],];


Objective: Leave additional packet on target 5
--- Step 6: 8 -> 5 ---
2 -> 8 (2); 
3 -> 6 (1); 
4 -> 7 (1); 
6 -> 0 (1); 
7 -> 1 (1); 
8 -> 5 (2); 
--- Step 5: 7 -> 1 ---
2 -> 8 (2); 
3 -> 6 (1); 
4 -> 7 (1); 
6 -> 0 (1); 
7 -> 1 (1); 
--- Step 4: 2 -> 8 ---
2 -> 8 (1); 
3 -> 6 (1); 
4 -> 7 (1); 
6 -> 0 (1); 
--- Step 3: 6 -> 0 ---
3 -> 6 (1); 
4 -> 7 (1); 
6 -> 0 (1); 
--- Step 2: 4 -> 7 ---
3 -> 6 (1); 
4 -> 7 (1); 
--- Step 1: 3 -> 6 ---
3 -> 6 (1); 
SOLVED
