connectable = [[1, 2],[1, 3],[1, 4],[1, 7],[1, 8],[1, 9],[2, 0],[2, 1],[2, 4],[2, 6],[2, 7],[2, 8],[2, 9],[2, 10],[3, 0],[3, 1],[3, 4],[3, 5],[3, 6],[3, 7],[3, 8],[3, 9],[3, 10],[4, 0],[4, 1],[4, 2],[4, 3],[4, 6],[4, 7],[4, 8],[4, 9],[4, 10],[5, 0],[5, 3],[5, 7],[5, 10],[7, 0],[7, 1],[7, 2],[7, 3],[7, 4],[7, 5],[7, 8],[7, 10],[9, 0],[9, 1],[9, 2],[9, 3],[9, 4],[9, 6],[9, 10],[10, 2],[10, 3],[10, 4],[10, 5],[10, 6],[10, 7],[10, 8],[10, 9],];


Objective: Leave additional packet on target 9
--- Step 8: 7 -> 8 ---
0 -> 2 (1); 4 (2); 5 (1); 7 (2); 9 (1); 10 (1); 
2 -> 8 (1); 
3 -> 0 (2); 
4 -> 6 (3); 9 (2); 
5 -> 10 (2); 
7 -> 8 (2); 
9 -> 3 (2); 
10 -> 4 (3); 
--- Step 7: 4 -> 6 ---
0 -> 2 (1); 4 (2); 5 (1); 7 (2); 9 (1); 10 (1); 
2 -> 8 (1); 
3 -> 0 (2); 
4 -> 6 (3); 9 (2); 
5 -> 10 (2); 
9 -> 3 (2); 
10 -> 4 (3); 
--- Step 6: 2 -> 8 ---
0 -> 2 (1); 4 (2); 5 (1); 7 (2); 9 (1); 10 (1); 
2 -> 8 (1); 
3 -> 0 (2); 
4 -> 9 (2); 
5 -> 10 (2); 
9 -> 3 (2); 
10 -> 4 (3); 
--- Step 5: 3 -> 0 ---
0 -> 2 (1); 4 (2); 5 (1); 7 (2); 9 (1); 10 (1); 
3 -> 0 (2); 
4 -> 9 (2); 
5 -> 10 (2); 
9 -> 3 (2); 
10 -> 4 (3); 
--- Step 4: 9 -> 3 ---
4 -> 9 (1); 
5 -> 10 (1); 
9 -> 3 (1); 
10 -> 4 (1); 
--- Step 3: 4 -> 9 ---
4 -> 9 (1); 
5 -> 10 (1); 
10 -> 4 (1); 
--- Step 2: 10 -> 4 ---
5 -> 10 (1); 
10 -> 4 (1); 
--- Step 1: 5 -> 10 ---
5 -> 10 (1); 
SOLVED
