connectable = [[0, 10],[1, 2],[1, 3],[1, 5],[1, 6],[1, 8],[1, 9],[1, 12],[2, 1],[2, 3],[2, 6],[2, 8],[4, 1],[4, 2],[4, 3],[4, 5],[4, 6],[4, 9],[4, 12],[5, 1],[5, 3],[5, 6],[5, 8],[7, 11],[8, 1],[8, 2],[8, 3],[8, 5],[8, 6],[8, 9],[8, 12],[10, 0],[11, 7],[12, 1],[12, 6],[12, 8],[12, 9],];


Objective: Leave additional packet on target 11
--- Step 9: 5 -> 8 ---
1 -> 6 (4); 9 (4); 12 (1); 
2 -> 8 (2); 
3 -> 1 (6); 2 (2); 10 (3); 
4 -> 3 (1); 
5 -> 8 (3); 
6 -> 5 (3); 11 (3); 
8 -> 3 (5); 
10 -> 0 (3); 
12 -> 9 (1); 
--- Step 8: 1 -> 6 ---
1 -> 6 (1); 9 (4); 12 (1); 
2 -> 8 (2); 
3 -> 1 (3); 2 (2); 10 (3); 
4 -> 3 (1); 
6 -> 5 (1); 11 (1); 
8 -> 3 (2); 
10 -> 0 (3); 
12 -> 9 (1); 
--- Step 7: 10 -> 0 ---
1 -> 9 (4); 12 (1); 
2 -> 8 (2); 
3 -> 1 (3); 2 (2); 10 (3); 
4 -> 3 (1); 
8 -> 3 (2); 
10 -> 0 (3); 
12 -> 9 (1); 
--- Step 6: 12 -> 9 ---
1 -> 9 (2); 12 (1); 
2 -> 8 (2); 
3 -> 1 (3); 2 (2); 10 (3); 
4 -> 3 (1); 
8 -> 3 (2); 
12 -> 9 (1); 
--- Step 5: 1 -> 9 ---
1 -> 9 (2); 12 (1); 
2 -> 8 (2); 
3 -> 1 (3); 2 (2); 10 (3); 
4 -> 3 (1); 
8 -> 3 (2); 
--- Step 4: 8 -> 3 ---
1 -> 12 (1); 
2 -> 8 (2); 
3 -> 1 (3); 2 (2); 10 (3); 
4 -> 3 (1); 
8 -> 3 (2); 
--- Step 3: 2 -> 8 ---
1 -> 12 (1); 
2 -> 8 (1); 
3 -> 1 (1); 2 (1); 10 (1); 
4 -> 3 (1); 
--- Step 2: 1 -> 12 ---
1 -> 12 (1); 
3 -> 1 (1); 2 (1); 10 (1); 
4 -> 3 (1); 
--- Step 1: 4 -> 3 ---
3 -> 1 (1); 2 (1); 10 (1); 
4 -> 3 (1); 
SOLVED


Objective: Leave additional packet on target 12
--- Step 8: 2 -> 8 ---
1 -> 3 (3); 9 (5); 12 (1); 
2 -> 8 (2); 
3 -> 2 (2); 10 (3); 
4 -> 6 (1); 
5 -> 8 (3); 
6 -> 1 (6); 5 (3); 11 (3); 
8 -> 6 (5); 
11 -> 7 (3); 
--- Step 7: 1 -> 3 ---
1 -> 3 (1); 9 (5); 12 (1); 
3 -> 2 (1); 10 (1); 
4 -> 6 (1); 
5 -> 8 (3); 
6 -> 1 (4); 5 (3); 11 (3); 
8 -> 6 (3); 
11 -> 7 (3); 
--- Step 6: 1 -> 12 ---
1 -> 9 (5); 12 (1); 
4 -> 6 (1); 
5 -> 8 (3); 
6 -> 1 (4); 5 (3); 11 (3); 
8 -> 6 (3); 
11 -> 7 (3); 
--- Step 5: 11 -> 7 ---
1 -> 9 (5); 
4 -> 6 (1); 
5 -> 8 (3); 
6 -> 1 (4); 5 (3); 11 (3); 
8 -> 6 (3); 
11 -> 7 (3); 
--- Step 4: 8 -> 6 ---
1 -> 9 (4); 
4 -> 6 (1); 
5 -> 8 (3); 
6 -> 1 (4); 5 (3); 11 (3); 
8 -> 6 (3); 
--- Step 3: 5 -> 8 ---
1 -> 9 (1); 
4 -> 6 (1); 
5 -> 8 (1); 
6 -> 1 (1); 5 (1); 11 (1); 
--- Step 2: 1 -> 9 ---
1 -> 9 (1); 
4 -> 6 (1); 
6 -> 1 (1); 5 (1); 11 (1); 
--- Step 1: 4 -> 6 ---
4 -> 6 (1); 
6 -> 1 (1); 5 (1); 11 (1); 
SOLVED
