connectable = [[1, 3],[1, 6],[1, 7],[1, 9],[1, 10],[2, 0],[2, 4],[2, 5],[2, 6],[2, 9],[2, 10],[2, 11],[3, 0],[3, 1],[3, 5],[3, 6],[3, 9],[3, 10],[3, 11],[4, 2],[4, 5],[4, 8],[4, 9],[4, 10],[5, 0],[5, 2],[5, 3],[5, 4],[5, 6],[5, 9],[5, 11],[5, 12],[6, 0],[6, 1],[6, 2],[6, 3],[6, 5],[6, 10],[6, 11],[6, 12],[7, 1],[7, 10],[8, 4],[8, 9],[9, 0],[9, 1],[9, 2],[9, 3],[9, 4],[9, 5],[9, 8],[9, 10],[9, 11],[10, 0],[10, 1],[10, 2],[10, 3],[10, 4],[10, 6],[10, 7],[10, 9],[10, 11],[11, 0],[11, 2],[11, 3],[11, 5],[11, 6],[11, 9],[11, 10],[12, 5],[12, 6],];


Objective: Do not use more than 12 signals
--- Step 12: 6 -> 12 ---
0 -> 3 (2); 9 (1); 11 (5); 
1 -> 7 (3); 
2 -> 0 (5); 
3 -> 1 (3); 
4 -> 2 (3); 
5 -> 12 (2); 
6 -> 12 (3); 
7 -> 10 (1); 
8 -> 4 (2); 
9 -> 4 (1); 
10 -> 2 (1); 
11 -> 5 (2); 6 (3); 
--- Step 11: 11 -> 6 ---
0 -> 3 (2); 9 (1); 11 (5); 
1 -> 7 (3); 
2 -> 0 (5); 
3 -> 1 (3); 
4 -> 2 (3); 
5 -> 12 (2); 
7 -> 10 (1); 
8 -> 4 (2); 
9 -> 4 (1); 
10 -> 2 (1); 
11 -> 5 (2); 6 (3); 
--- Step 10: 5 -> 12 ---
0 -> 3 (2); 9 (1); 11 (5); 
1 -> 7 (3); 
2 -> 0 (5); 
3 -> 1 (3); 
4 -> 2 (3); 
5 -> 12 (2); 
7 -> 10 (1); 
8 -> 4 (2); 
9 -> 4 (1); 
10 -> 2 (1); 
11 -> 5 (2); 
--- Step 9: 11 -> 5 ---
0 -> 3 (2); 9 (1); 11 (5); 
1 -> 7 (3); 
2 -> 0 (5); 
3 -> 1 (3); 
4 -> 2 (3); 
7 -> 10 (1); 
8 -> 4 (2); 
9 -> 4 (1); 
10 -> 2 (1); 
11 -> 5 (2); 
--- Step 8: 10 -> 2 ---
0 -> 3 (2); 9 (1); 11 (5); 
1 -> 7 (3); 
2 -> 0 (5); 
3 -> 1 (3); 
4 -> 2 (3); 
7 -> 10 (1); 
8 -> 4 (2); 
9 -> 4 (1); 
10 -> 2 (1); 
--- Step 7: 9 -> 4 ---
0 -> 3 (2); 9 (1); 11 (4); 
1 -> 7 (3); 
2 -> 0 (4); 
3 -> 1 (3); 
4 -> 2 (3); 
7 -> 10 (1); 
8 -> 4 (2); 
9 -> 4 (1); 
--- Step 6: 4 -> 2 ---
0 -> 3 (2); 9 (1); 11 (3); 
1 -> 7 (3); 
2 -> 0 (3); 
3 -> 1 (3); 
4 -> 2 (2); 
7 -> 10 (1); 
8 -> 4 (2); 
--- Step 5: 8 -> 4 ---
0 -> 3 (1); 9 (1); 11 (1); 
1 -> 7 (2); 
2 -> 0 (1); 
3 -> 1 (2); 
7 -> 10 (1); 
8 -> 4 (1); 
--- Step 4: 2 -> 0 ---
0 -> 3 (1); 9 (1); 11 (1); 
1 -> 7 (2); 
2 -> 0 (1); 
3 -> 1 (2); 
7 -> 10 (1); 
--- Step 3: 7 -> 10 ---
1 -> 7 (1); 
3 -> 1 (1); 
7 -> 10 (1); 
--- Step 2: 1 -> 7 ---
1 -> 7 (1); 
3 -> 1 (1); 
--- Step 1: 3 -> 1 ---
3 -> 1 (1); 
SOLVED


Objective: Leave additional packet on target 11
--- Step 13: 5 -> 12 ---
0 -> 2 (4); 9 (1); 11 (4); 
1 -> 6 (3); 
2 -> 4 (3); 11 (1); 
3 -> 0 (3); 
4 -> 8 (3); 
5 -> 12 (2); 
6 -> 12 (3); 
7 -> 1 (3); 10 (1); 
9 -> 8 (1); 
10 -> 0 (1); 
11 -> 3 (2); 5 (2); 
--- Step 12: 11 -> 5 ---
0 -> 2 (4); 9 (1); 11 (4); 
1 -> 6 (3); 
2 -> 4 (3); 11 (1); 
3 -> 0 (3); 
4 -> 8 (3); 
6 -> 12 (3); 
7 -> 1 (3); 10 (1); 
9 -> 8 (1); 
10 -> 0 (1); 
11 -> 3 (2); 5 (2); 
--- Step 11: 2 -> 11 ---
0 -> 2 (4); 9 (1); 11 (4); 
1 -> 6 (3); 
2 -> 4 (3); 11 (1); 
3 -> 0 (3); 
4 -> 8 (3); 
6 -> 12 (3); 
7 -> 1 (3); 10 (1); 
9 -> 8 (1); 
10 -> 0 (1); 
11 -> 3 (2); 
--- Step 10: 11 -> 3 ---
0 -> 2 (4); 9 (1); 11 (4); 
1 -> 6 (3); 
2 -> 4 (3); 
3 -> 0 (3); 
4 -> 8 (3); 
6 -> 12 (3); 
7 -> 1 (3); 10 (1); 
9 -> 8 (1); 
10 -> 0 (1); 
11 -> 3 (2); 
--- Step 9: 10 -> 0 ---
0 -> 2 (2); 9 (1); 11 (2); 
1 -> 6 (3); 
2 -> 4 (3); 
3 -> 0 (1); 
4 -> 8 (3); 
6 -> 12 (3); 
7 -> 1 (3); 10 (1); 
9 -> 8 (1); 
10 -> 0 (1); 
--- Step 8: 9 -> 8 ---
0 -> 2 (1); 9 (1); 11 (1); 
1 -> 6 (2); 
2 -> 4 (2); 
3 -> 0 (1); 
4 -> 8 (2); 
6 -> 12 (2); 
7 -> 1 (2); 10 (1); 
9 -> 8 (1); 
--- Step 7: 6 -> 12 ---
0 -> 2 (1); 9 (1); 11 (1); 
1 -> 6 (1); 
2 -> 4 (2); 
3 -> 0 (1); 
4 -> 8 (2); 
6 -> 12 (1); 
7 -> 1 (1); 10 (1); 
--- Step 6: 1 -> 6 ---
0 -> 2 (1); 9 (1); 11 (1); 
1 -> 6 (1); 
2 -> 4 (2); 
3 -> 0 (1); 
4 -> 8 (2); 
7 -> 1 (1); 10 (1); 
--- Step 5: 7 -> 1 ---
0 -> 2 (1); 9 (1); 11 (1); 
2 -> 4 (2); 
3 -> 0 (1); 
4 -> 8 (2); 
7 -> 1 (1); 10 (1); 
--- Step 4: 3 -> 0 ---
0 -> 2 (1); 9 (1); 11 (1); 
2 -> 4 (2); 
3 -> 0 (1); 
4 -> 8 (2); 
7 -> 10 (1); 
--- Step 3: 7 -> 10 ---
2 -> 4 (1); 
4 -> 8 (1); 
7 -> 10 (1); 
--- Step 2: 4 -> 8 ---
2 -> 4 (1); 
4 -> 8 (1); 
--- Step 1: 2 -> 4 ---
2 -> 4 (1); 
SOLVED
