connectable = [[0, 2],[0, 5],[0, 7],[1, 2],[1, 5],[1, 6],[1, 7],[2, 0],[2, 1],[2, 5],[3, 5],[3, 7],[3, 8],[4, 5],[4, 7],[4, 8],[5, 0],[5, 1],[5, 2],[5, 3],[5, 4],[5, 6],[5, 7],[5, 8],[7, 0],[7, 1],[7, 3],[7, 4],[7, 5],[8, 3],[8, 4],[8, 5],];
--- Step 10: 1 -> 6 ---
0 -> 7 (4); 
1 -> 6 (2); 
2 -> 0 (1); 
3 -> 5 (3); 8 (1); 
4 -> 5 (2); 
5 -> 0 (3); 1 (2); 
7 -> 3 (4); 
8 -> 4 (2); 
--- Step 9: 5 -> 1 ---
0 -> 7 (4); 
2 -> 0 (1); 
3 -> 5 (3); 8 (1); 
4 -> 5 (2); 
5 -> 0 (3); 1 (2); 
7 -> 3 (4); 
8 -> 4 (2); 
--- Step 8: 3 -> 5 ---
0 -> 7 (4); 
2 -> 0 (1); 
3 -> 5 (3); 8 (1); 
4 -> 5 (2); 
5 -> 0 (3); 
7 -> 3 (4); 
8 -> 4 (2); 
--- Step 7: 5 -> 0 ---
0 -> 7 (3); 
2 -> 0 (1); 
3 -> 8 (1); 
4 -> 5 (2); 
5 -> 0 (2); 
7 -> 3 (3); 
8 -> 4 (2); 
--- Step 6: 4 -> 5 ---
0 -> 7 (1); 
2 -> 0 (1); 
3 -> 8 (1); 
4 -> 5 (2); 
7 -> 3 (1); 
8 -> 4 (2); 
--- Step 5: 8 -> 4 ---
0 -> 7 (1); 
2 -> 0 (1); 
3 -> 8 (1); 
7 -> 3 (1); 
8 -> 4 (2); 
--- Step 4: 3 -> 8 ---
0 -> 7 (1); 
2 -> 0 (1); 
3 -> 8 (1); 
7 -> 3 (1); 
--- Step 3: 7 -> 3 ---
0 -> 7 (1); 
2 -> 0 (1); 
7 -> 3 (1); 
--- Step 2: 0 -> 7 ---
0 -> 7 (1); 
2 -> 0 (1); 
--- Step 1: 2 -> 0 ---
2 -> 0 (1); 
SOLVED
