connectable = [[0, 1],[0, 3],[0, 6],[0, 9],[1, 0],[1, 2],[1, 5],[1, 8],[1, 9],[1, 10],[2, 1],[2, 3],[2, 5],[2, 6],[3, 0],[3, 2],[3, 6],[3, 8],[3, 10],[8, 1],[8, 3],[8, 5],[8, 6],[10, 1],[10, 3],[10, 6],[10, 9],];
--- Step 7: 10 -> 3 ---
0 -> 3 (2); 
1 -> 9 (2); 
2 -> 5 (3); 
3 -> 2 (3); 
5 -> 6 (3); 7 (3); 8 (2); 
8 -> 1 (1); 3 (1); 
9 -> 0 (2); 4 (2); 6 (2); 10 (1); 
10 -> 3 (1); 
--- Step 6: 8 -> 3 ---
0 -> 3 (2); 
1 -> 9 (2); 
2 -> 5 (3); 
3 -> 2 (3); 
5 -> 6 (3); 7 (3); 8 (2); 
8 -> 1 (1); 3 (1); 
9 -> 0 (2); 4 (2); 6 (2); 10 (1); 
--- Step 5: 0 -> 3 ---
0 -> 3 (2); 
1 -> 9 (2); 
2 -> 5 (3); 
3 -> 2 (3); 
5 -> 6 (3); 7 (3); 8 (2); 
8 -> 1 (1); 
9 -> 0 (2); 4 (2); 6 (2); 10 (1); 
--- Step 4: 1 -> 9 ---
1 -> 9 (2); 
2 -> 5 (1); 
3 -> 2 (1); 
5 -> 6 (1); 7 (1); 8 (1); 
8 -> 1 (1); 
9 -> 0 (2); 4 (2); 6 (2); 10 (1); 
--- Step 3: 8 -> 1 ---
2 -> 5 (1); 
3 -> 2 (1); 
5 -> 6 (1); 7 (1); 8 (1); 
8 -> 1 (1); 
--- Step 2: 2 -> 5 ---
2 -> 5 (1); 
3 -> 2 (1); 
5 -> 6 (1); 7 (1); 8 (1); 
--- Step 1: 3 -> 2 ---
3 -> 2 (1); 
SOLVED
