connectable = [[1, 3],[1, 5],[1, 6],[1, 7],[1, 8],[2, 0],[2, 3],[2, 4],[2, 5],[2, 6],[2, 7],[2, 8],[3, 0],[3, 1],[3, 2],[3, 4],[3, 6],[3, 7],[6, 0],[6, 1],[6, 2],[6, 3],[6, 4],[6, 7],[6, 8],[7, 0],[7, 1],[7, 2],[7, 3],[7, 6],[7, 8],[8, 1],[8, 2],[8, 4],[8, 6],[8, 7],];


Objective: Leave additional packet on target 6
--- Step 8: 7 -> 3 ---
0 -> 2 (1); 5 (3); 6 (2); 
1 -> 8 (4); 
2 -> 7 (1); 
3 -> 0 (3); 
6 -> 7 (1); 
7 -> 1 (2); 3 (2); 
8 -> 4 (2); 7 (2); 
--- Step 7: 8 -> 7 ---
0 -> 2 (1); 5 (1); 6 (1); 
1 -> 8 (4); 
2 -> 7 (1); 
3 -> 0 (1); 
6 -> 7 (1); 
7 -> 1 (2); 
8 -> 4 (2); 7 (2); 
--- Step 6: 8 -> 4 ---
0 -> 2 (1); 5 (1); 6 (1); 
1 -> 8 (4); 
2 -> 7 (1); 
3 -> 0 (1); 
6 -> 7 (1); 
7 -> 1 (2); 
8 -> 4 (2); 
--- Step 5: 1 -> 8 ---
0 -> 2 (1); 5 (1); 6 (1); 
1 -> 8 (4); 
2 -> 7 (1); 
3 -> 0 (1); 
6 -> 7 (1); 
7 -> 1 (2); 
--- Step 4: 7 -> 1 ---
0 -> 2 (1); 5 (1); 6 (1); 
2 -> 7 (1); 
3 -> 0 (1); 
6 -> 7 (1); 
7 -> 1 (2); 
--- Step 3: 6 -> 7 ---
0 -> 2 (1); 5 (1); 6 (1); 
2 -> 7 (1); 
3 -> 0 (1); 
6 -> 7 (1); 
--- Step 2: 2 -> 7 ---
0 -> 2 (1); 5 (1); 6 (1); 
2 -> 7 (1); 
3 -> 0 (1); 
--- Step 1: 3 -> 0 ---
0 -> 2 (1); 5 (1); 6 (1); 
3 -> 0 (1); 
SOLVED


Objective: Do not use more than 8 signals
--- Step 8: 7 -> 3 ---
0 -> 2 (1); 5 (3); 6 (2); 
1 -> 8 (4); 
2 -> 3 (1); 
3 -> 0 (3); 
6 -> 7 (2); 
7 -> 1 (2); 3 (1); 
8 -> 4 (2); 7 (2); 
--- Step 7: 8 -> 7 ---
0 -> 2 (1); 5 (2); 6 (2); 
1 -> 8 (4); 
2 -> 3 (1); 
3 -> 0 (2); 
6 -> 7 (2); 
7 -> 1 (2); 
8 -> 4 (2); 7 (2); 
--- Step 6: 8 -> 4 ---
0 -> 2 (1); 5 (2); 6 (2); 
1 -> 8 (4); 
2 -> 3 (1); 
3 -> 0 (2); 
6 -> 7 (2); 
7 -> 1 (2); 
8 -> 4 (2); 
--- Step 5: 1 -> 8 ---
0 -> 2 (1); 5 (2); 6 (2); 
1 -> 8 (4); 
2 -> 3 (1); 
3 -> 0 (2); 
6 -> 7 (2); 
7 -> 1 (2); 
--- Step 4: 7 -> 1 ---
0 -> 2 (1); 5 (2); 6 (2); 
2 -> 3 (1); 
3 -> 0 (2); 
6 -> 7 (2); 
7 -> 1 (2); 
--- Step 3: 6 -> 7 ---
0 -> 2 (1); 5 (2); 6 (2); 
2 -> 3 (1); 
3 -> 0 (2); 
6 -> 7 (2); 
--- Step 2: 2 -> 3 ---
0 -> 2 (1); 5 (2); 6 (2); 
2 -> 3 (1); 
3 -> 0 (2); 
--- Step 1: 3 -> 0 ---
0 -> 2 (1); 5 (1); 6 (1); 
3 -> 0 (1); 
SOLVED
