connectable = [[0, 4],[0, 6],[0, 8],[0, 9],[0, 10],[1, 4],[1, 6],[1, 8],[1, 9],[1, 10],[2, 4],[2, 5],[2, 7],[2, 9],[3, 4],[3, 5],[3, 7],[3, 9],[4, 0],[4, 1],[4, 2],[4, 3],[4, 5],[4, 6],[4, 7],[4, 8],[4, 10],[5, 2],[5, 3],[5, 4],[5, 9],[9, 0],[9, 1],[9, 2],[9, 3],[9, 5],[9, 6],[9, 7],[9, 8],[9, 10],];


Objective: Do not cross wires
--- Step 10: 2 -> 7 ---
0 -> 10 (4); 
1 -> 8 (2); 9 (1); 
2 -> 4 (2); 5 (1); 7 (2); 
3 -> 4 (2); 
4 -> 6 (4); 
5 -> 3 (2); 
6 -> 0 (4); 1 (3); 9 (4); 
9 -> 2 (5); 
--- Step 9: 1 -> 9 ---
0 -> 10 (4); 
1 -> 8 (2); 9 (1); 
2 -> 4 (2); 5 (1); 
3 -> 4 (2); 
4 -> 6 (4); 
5 -> 3 (2); 
6 -> 0 (4); 1 (3); 9 (4); 
9 -> 2 (5); 
--- Step 8: 2 -> 4 ---
0 -> 10 (4); 
1 -> 8 (2); 
2 -> 4 (2); 5 (1); 
3 -> 4 (2); 
4 -> 6 (4); 
5 -> 3 (2); 
6 -> 0 (4); 1 (3); 9 (4); 
9 -> 2 (4); 
--- Step 7: 2 -> 5 ---
0 -> 10 (2); 
1 -> 8 (2); 
2 -> 5 (1); 
3 -> 4 (2); 
4 -> 6 (2); 
5 -> 3 (2); 
6 -> 0 (2); 1 (2); 9 (2); 
9 -> 2 (2); 
--- Step 6: 9 -> 2 ---
0 -> 10 (1); 
1 -> 8 (1); 
3 -> 4 (1); 
4 -> 6 (1); 
5 -> 3 (1); 
6 -> 0 (1); 1 (1); 9 (1); 
9 -> 2 (1); 
--- Step 5: 1 -> 8 ---
0 -> 10 (1); 
1 -> 8 (1); 
3 -> 4 (1); 
4 -> 6 (1); 
5 -> 3 (1); 
6 -> 0 (1); 1 (1); 9 (1); 
--- Step 4: 0 -> 10 ---
0 -> 10 (1); 
3 -> 4 (1); 
4 -> 6 (1); 
5 -> 3 (1); 
6 -> 0 (1); 1 (1); 9 (1); 
--- Step 3: 4 -> 6 ---
3 -> 4 (1); 
4 -> 6 (1); 
5 -> 3 (1); 
6 -> 0 (1); 1 (1); 9 (1); 
--- Step 2: 3 -> 4 ---
3 -> 4 (1); 
5 -> 3 (1); 
--- Step 1: 5 -> 3 ---
5 -> 3 (1); 
SOLVED
